100 1 0.000437644 9.13984e+07
100 1 0.000371764 1.07595e+08
100 1 0.000362003 1.10496e+08
100 1 0.000426323 9.38255e+07
100 1 0.000362203 1.10435e+08
100 1 0.000426243 9.38432e+07
100 1 0.000436764 9.15827e+07
100 1 0.000435004 9.19532e+07
100 1 0.000433643 9.22418e+07
100 1 0.000371724 1.07607e+08
100 2 0.000435403 9.18689e+07
100 2 0.000414363 9.65337e+07
100 2 0.000413964 9.66268e+07
100 2 0.000440163 9.08754e+07
100 2 0.000414323 9.6543e+07
100 2 0.000433843 9.21992e+07
100 2 0.000434484 9.20633e+07
100 2 0.000430243 9.29707e+07
100 2 0.000440645 9.0776e+07
100 2 0.000415324 9.63103e+07
100 4 0.000481324 8.31041e+07
100 4 0.000483364 8.27534e+07
100 4 0.000482364 8.29249e+07
100 4 0.000484764 8.25144e+07
100 4 0.000487605 8.20336e+07
100 4 0.000489804 8.16653e+07
100 4 0.000487964 8.19732e+07
100 4 0.000484164 8.26166e+07
100 4 0.000487124 8.21146e+07
100 4 0.000484084 8.26303e+07
100 8 0.000656005 6.09751e+07
100 8 0.000621525 6.43578e+07
100 8 0.000651005 6.14435e+07
100 8 0.000653966 6.11652e+07
100 8 0.000644966 6.20188e+07
100 8 0.000649725 6.15645e+07
100 8 0.000617446 6.4783e+07
100 8 0.000669126 5.97795e+07
100 8 0.000642005 6.23048e+07
100 8 0.000643686 6.21421e+07
100 10 0.000797126 5.01803e+07
100 10 0.000810926 4.93263e+07
100 10 0.000805846 4.96373e+07
100 10 0.000780247 5.12658e+07
100 10 0.000803486 4.97831e+07
100 10 0.000806447 4.96003e+07
100 10 0.000791767 5.05199e+07
100 10 0.000773727 5.16978e+07
100 10 0.000789927 5.06376e+07
100 10 0.000802167 4.98649e+07
100 12 0.000864767 4.62552e+07
100 12 0.000842487 4.74785e+07
100 12 0.000873568 4.57892e+07
100 12 0.000868807 4.60402e+07
100 12 0.000875447 4.56909e+07
100 12 0.000879127 4.54997e+07
100 12 0.000897007 4.45928e+07
100 12 0.000918687 4.35404e+07
100 12 0.000879648 4.54727e+07
100 12 0.000894208 4.47323e+07
100 14 0.000932848 4.28795e+07
100 14 0.000932009 4.2918e+07
100 14 0.000927047 4.31478e+07
100 14 0.000918168 4.3565e+07
100 14 0.000909728 4.39692e+07
100 14 0.00105485 3.79202e+07
100 14 0.000949048 4.21475e+07
100 14 0.000976169 4.09765e+07
100 14 0.00100221 3.99118e+07
100 14 0.000972689 4.11231e+07
100 15 0.00100901 3.96429e+07
100 15 0.000977968 4.09011e+07
100 15 0.000989608 4.042e+07
100 15 0.00104849 3.81501e+07
100 15 0.000985888 4.05726e+07
100 15 0.000999689 4.00124e+07
100 15 0.00101365 3.94614e+07
100 15 0.000958287 4.17411e+07
100 15 0.000998008 4.00798e+07
100 15 0.000991129 4.0358e+07
100 16 0.00100913 3.96381e+07
100 16 0.00101693 3.93341e+07
100 16 0.00102109 3.91739e+07
100 16 0.000984248 4.06402e+07
100 16 0.000995689 4.01732e+07
100 16 0.00100409 3.98371e+07
100 16 0.00109173 3.66391e+07
100 16 0.000976688 4.09547e+07
100 16 0.000993688 4.02541e+07
100 16 0.000979329 4.08443e+07
200 1 0.00169329 9.44904e+07
200 1 0.00169077 9.46312e+07
200 1 0.0016913 9.4602e+07
200 1 0.00169662 9.43054e+07
200 1 0.00143557 1.11454e+08
200 1 0.00143609 1.11413e+08
200 1 0.00169749 9.42566e+07
200 1 0.00168541 9.49322e+07
200 1 0.00142909 1.11959e+08
200 1 0.00169649 9.43121e+07
200 2 0.00140521 1.13862e+08
200 2 0.00154709 1.0342e+08
200 2 0.00140401 1.13959e+08
200 2 0.00154685 1.03436e+08
200 2 0.00154313 1.03685e+08
200 2 0.00141033 1.13449e+08
200 2 0.00153357 1.04332e+08
200 2 0.00141053 1.13432e+08
200 2 0.00154945 1.03262e+08
200 2 0.00152745 1.04749e+08
200 4 0.00147509 1.08468e+08
200 4 0.00149589 1.0696e+08
200 4 0.00148281 1.07903e+08
200 4 0.00147901 1.0818e+08
200 4 0.00148985 1.07393e+08
200 4 0.00149157 1.07269e+08
200 4 0.00151101 1.05889e+08
200 4 0.00148705 1.07595e+08
200 4 0.00150029 1.06646e+08
200 4 0.00157857 1.01357e+08
200 8 0.00149125 1.07292e+08
200 8 0.00149761 1.06837e+08
200 8 0.00145957 1.09621e+08
200 8 0.00150105 1.06592e+08
200 8 0.00148993 1.07387e+08
200 8 0.00156965 1.01933e+08
200 8 0.00150913 1.06021e+08
200 8 0.00149885 1.06748e+08
200 8 0.00147877 1.08198e+08
200 8 0.00149821 1.06794e+08
200 10 0.00167141 9.57273e+07
200 10 0.00173901 9.20062e+07
200 10 0.00168577 9.49119e+07
200 10 0.00171413 9.33416e+07
200 10 0.00167461 9.55444e+07
200 10 0.00168353 9.50382e+07
200 10 0.00165769 9.65196e+07
200 10 0.00166686 9.59891e+07
200 10 0.00168449 9.4984e+07
200 10 0.00174805 9.15303e+07
200 12 0.0019071 8.38971e+07
200 12 0.00198758 8.05001e+07
200 12 0.00187414 8.53726e+07
200 12 0.00196126 8.15804e+07
200 12 0.00193474 8.26986e+07
200 12 0.0019051 8.39853e+07
200 12 0.00189938 8.42382e+07
200 12 0.00193954 8.24939e+07
200 12 0.00189062 8.46285e+07
200 12 0.0019301 8.28974e+07
200 14 0.00206526 7.74721e+07
200 14 0.00208358 7.6791e+07
200 14 0.00205682 7.77901e+07
200 14 0.0021585 7.41256e+07
200 14 0.00209494 7.63746e+07
200 14 0.00204038 7.84168e+07
200 14 0.00203142 7.87628e+07
200 14 0.00204786 7.81304e+07
200 14 0.00206542 7.74662e+07
200 14 0.00212686 7.52284e+07
200 15 0.00213918 7.47951e+07
200 15 0.0021451 7.45887e+07
200 15 0.00223462 7.16005e+07
200 15 0.00212698 7.52241e+07
200 15 0.00215738 7.41641e+07
200 15 0.0021147 7.56609e+07
200 15 0.00229478 6.97235e+07
200 15 0.00215806 7.41408e+07
200 15 0.0021079 7.5905e+07
200 15 0.00215606 7.42095e+07
200 16 0.00232762 6.87397e+07
200 16 0.00223906 7.14586e+07
200 16 0.00222662 7.18579e+07
200 16 0.00219454 7.29083e+07
200 16 0.0022061 7.25262e+07
200 16 0.00217734 7.34842e+07
200 16 0.00223842 7.14791e+07
200 16 0.00219442 7.29122e+07
200 16 0.00221366 7.22786e+07
200 16 0.00227182 7.04281e+07
400 1 0.00672722 9.51359e+07
400 1 0.00673334 9.50494e+07
400 1 0.0067335 9.50472e+07
400 1 0.00568125 1.12651e+08
400 1 0.00673446 9.50336e+07
400 1 0.00672893 9.51116e+07
400 1 0.00671942 9.52463e+07
400 1 0.0067161 9.52934e+07
400 1 0.00569289 1.12421e+08
400 1 0.00568833 1.12511e+08
400 2 0.00541269 1.18241e+08
400 2 0.00538384 1.18874e+08
400 2 0.00613897 1.04252e+08
400 2 0.00608893 1.05109e+08
400 2 0.00536236 1.1935e+08
400 2 0.00592773 1.07967e+08
400 2 0.00594193 1.07709e+08
400 2 0.00528944 1.20996e+08
400 2 0.00537568 1.19055e+08
400 2 0.00587033 1.09023e+08
400 4 0.00523812 1.22181e+08
400 4 0.00523852 1.22172e+08
400 4 0.00535612 1.19489e+08
400 4 0.0053078 1.20577e+08
400 4 0.00535832 1.1944e+08
400 4 0.00506792 1.26285e+08
400 4 0.00532485 1.20191e+08
400 4 0.00523348 1.22289e+08
400 4 0.00524524 1.22015e+08
400 4 0.00532852 1.20108e+08
400 8 0.00416019 1.53839e+08
400 8 0.00415835 1.53907e+08
400 8 0.00409019 1.56472e+08
400 8 0.00416395 1.537e+08
400 8 0.00412359 1.55204e+08
400 8 0.00409571 1.56261e+08
400 8 0.00414567 1.54378e+08
400 8 0.00408304 1.56746e+08
400 8 0.00411172 1.55653e+08
400 8 0.00419232 1.5266e+08
400 10 0.00408279 1.56755e+08
400 10 0.00386907 1.65414e+08
400 10 0.00415023 1.54208e+08
400 10 0.00418012 1.53106e+08
400 10 0.00410996 1.55719e+08
400 10 0.00418663 1.52867e+08
400 10 0.0040996 1.56113e+08
400 10 0.00414371 1.54451e+08
400 10 0.00416783 1.53557e+08
400 10 0.00412264 1.55241e+08
400 12 0.00430248 1.48752e+08
400 12 0.00434164 1.4741e+08
400 12 0.00464956 1.37647e+08
400 12 0.00440068 1.45432e+08
400 12 0.00435264 1.47037e+08
400 12 0.00431028 1.48482e+08
400 12 0.00427644 1.49657e+08
400 12 0.00442756 1.44549e+08
400 12 0.0043564 1.4691e+08
400 12 0.00433404 1.47668e+08
400 14 0.00456136 1.40309e+08
400 14 0.00456048 1.40336e+08
400 14 0.00465276 1.37553e+08
400 14 0.00460232 1.3906e+08
400 14 0.00470468 1.36035e+08
400 14 0.00476008 1.34451e+08
400 14 0.00481452 1.32931e+08
400 14 0.00458984 1.39438e+08
400 14 0.00476208 1.34395e+08
400 14 0.00464308 1.3784e+08
400 15 0.00479876 1.33368e+08
400 15 0.00480672 1.33147e+08
400 15 0.00480352 1.33236e+08
400 15 0.00482336 1.32688e+08
400 15 0.00470456 1.36038e+08
400 15 0.00477396 1.34061e+08
400 15 0.00478332 1.33798e+08
400 15 0.00472364 1.35489e+08
400 15 0.00480496 1.33196e+08
400 15 0.0047038 1.3606e+08
400 16 0.0049 1.30612e+08
400 16 0.00486504 1.31551e+08
400 16 0.00493588 1.29663e+08
400 16 0.00483876 1.32265e+08
400 16 0.00483472 1.32376e+08
400 16 0.0048856 1.30997e+08
400 16 0.00478584 1.33728e+08
400 16 0.00494392 1.29452e+08
400 16 0.00488188 1.31097e+08
400 16 0.00514532 1.24385e+08
1000 1 0.0354011 1.12991e+08
1000 1 0.0418636 9.55483e+07
1000 1 0.0354068 1.12973e+08
1000 1 0.0353448 1.13171e+08
1000 1 0.0418746 9.55233e+07
1000 1 0.0418608 9.55548e+07
1000 1 0.0353839 1.13046e+08
1000 1 0.0353587 1.13126e+08
1000 1 0.0418659 9.55432e+07
1000 1 0.0353624 1.13115e+08
1000 2 0.0321399 1.24456e+08
1000 2 0.0326832 1.22387e+08
1000 2 0.0357933 1.11753e+08
1000 2 0.0326525 1.22502e+08
1000 2 0.0326444 1.22533e+08
1000 2 0.0326724 1.22428e+08
1000 2 0.0326578 1.22482e+08
1000 2 0.0357927 1.11755e+08
1000 2 0.0321877 1.24271e+08
1000 2 0.0344121 1.16238e+08
1000 4 0.0309818 1.29108e+08
1000 4 0.0309377 1.29292e+08
1000 4 0.0313918 1.27422e+08
1000 4 0.0309775 1.29126e+08
1000 4 0.030967 1.2917e+08
1000 4 0.0316057 1.26559e+08
1000 4 0.0309778 1.29125e+08
1000 4 0.0309798 1.29116e+08
1000 4 0.0309924 1.29064e+08
1000 4 0.0307946 1.29893e+08
1000 8 0.0217225 1.84141e+08
1000 8 0.0215885 1.85284e+08
1000 8 0.0217446 1.83954e+08
1000 8 0.0216289 1.84938e+08
1000 8 0.0217658 1.83774e+08
1000 8 0.0216184 1.85028e+08
1000 8 0.0217998 1.83488e+08
1000 8 0.0216353 1.84883e+08
1000 8 0.0216061 1.85133e+08
1000 8 0.0216533 1.84729e+08
1000 10 0.0190105 2.1041e+08
1000 10 0.0189961 2.10569e+08
1000 10 0.0189445 2.11143e+08
1000 10 0.019023 2.10272e+08
1000 10 0.0189966 2.10564e+08
1000 10 0.0193096 2.07151e+08
1000 10 0.0189602 2.10969e+08
1000 10 0.0189974 2.10555e+08
1000 10 0.0190277 2.1022e+08
1000 10 0.0191434 2.0895e+08
1000 12 0.0176389 2.26771e+08
1000 12 0.0172353 2.32082e+08
1000 12 0.017701 2.25976e+08
1000 12 0.0173409 2.30669e+08
1000 12 0.0173791 2.30161e+08
1000 12 0.0175891 2.27413e+08
1000 12 0.017421 2.29608e+08
1000 12 0.0175695 2.27667e+08
1000 12 0.0174452 2.2929e+08
1000 12 0.0174504 2.29221e+08
1000 14 0.0162809 2.45687e+08
1000 14 0.0164777 2.42752e+08
1000 14 0.0163697 2.44354e+08
1000 14 0.0164669 2.42911e+08
1000 14 0.0165628 2.41505e+08
1000 14 0.0164289 2.43473e+08
1000 14 0.0165 2.42424e+08
1000 14 0.0164267 2.43507e+08
1000 14 0.0165062 2.42333e+08
1000 14 0.016564 2.41488e+08
1000 15 0.0165253 2.42053e+08
1000 15 0.0162035 2.4686e+08
1000 15 0.023848 1.67729e+08
1000 15 0.0160519 2.49191e+08
1000 15 0.0162468 2.46203e+08
1000 15 0.0161246 2.48068e+08
1000 15 0.0158676 2.52086e+08
1000 15 0.0164983 2.4245e+08
1000 15 0.0160283 2.49559e+08
1000 15 0.0164372 2.4335e+08
1000 16 0.0159365 2.50996e+08
1000 16 0.0163128 2.45206e+08
1000 16 0.0159367 2.50993e+08
1000 16 0.0161727 2.47331e+08
1000 16 0.0158774 2.51931e+08
1000 16 0.0160549 2.49145e+08
1000 16 0.0160668 2.4896e+08
1000 16 0.0160726 2.48871e+08
1000 16 0.0164447 2.43239e+08
1000 16 0.0158732 2.51997e+08
2000 1 0.148924 1.07437e+08
2000 1 0.143285 1.11665e+08
2000 1 0.167799 9.53523e+07
2000 1 0.143338 1.11625e+08
2000 1 0.167705 9.54056e+07
2000 1 0.167764 9.53719e+07
2000 1 0.143282 1.11668e+08
2000 1 0.167711 9.54021e+07
2000 1 0.143229 1.11709e+08
2000 1 0.16775 9.538e+07
2000 2 0.143375 1.11595e+08
2000 2 0.145055 1.10303e+08
2000 2 0.142443 1.12326e+08
2000 2 0.131398 1.21767e+08
2000 2 0.145162 1.10222e+08
2000 2 0.140409 1.13953e+08
2000 2 0.14507 1.10291e+08
2000 2 0.145167 1.10218e+08
2000 2 0.131424 1.21743e+08
2000 2 0.131413 1.21753e+08
2000 4 0.12624 1.26743e+08
2000 4 0.123862 1.29176e+08
2000 4 0.126192 1.26791e+08
2000 4 0.124016 1.29016e+08
2000 4 0.122823 1.30268e+08
2000 4 0.126206 1.26777e+08
2000 4 0.123939 1.29096e+08
2000 4 0.124827 1.28178e+08
2000 4 0.126136 1.26847e+08
2000 4 0.123184 1.29887e+08
2000 8 0.0846113 1.891e+08
2000 8 0.0844161 1.89537e+08
2000 8 0.084507 1.89333e+08
2000 8 0.0843572 1.8967e+08
2000 8 0.0845522 1.89232e+08
2000 8 0.0845217 1.893e+08
2000 8 0.08508 1.88058e+08
2000 8 0.0845013 1.89346e+08
2000 8 0.0843954 1.89584e+08
2000 8 0.0847578 1.88773e+08
2000 10 0.0731595 2.187e+08
2000 10 0.0734841 2.17734e+08
2000 10 0.0686574 2.33041e+08
2000 10 0.0732485 2.18435e+08
2000 10 0.073296 2.18293e+08
2000 10 0.0730523 2.19021e+08
2000 10 0.07289 2.19509e+08
2000 10 0.0732406 2.18458e+08
2000 10 0.073044 2.19046e+08
2000 10 0.0729808 2.19236e+08
2000 12 0.0644934 2.48087e+08
2000 12 0.0646073 2.4765e+08
2000 12 0.0645481 2.47877e+08
2000 12 0.0643647 2.48583e+08
2000 12 0.0646125 2.4763e+08
2000 12 0.064447 2.48266e+08
2000 12 0.0645327 2.47936e+08
2000 12 0.0648303 2.46798e+08
2000 12 0.0657162 2.43471e+08
2000 12 0.0643337 2.48703e+08
2000 14 0.0581786 2.75015e+08
2000 14 0.058815 2.7204e+08
2000 14 0.0581838 2.74991e+08
2000 14 0.0582153 2.74842e+08
2000 14 0.0582758 2.74556e+08
2000 14 0.0590506 2.70954e+08
2000 14 0.0586921 2.72609e+08
2000 14 0.0591411 2.70539e+08
2000 14 0.0586714 2.72705e+08
2000 14 0.0588228 2.72003e+08
2000 15 0.0560776 2.85319e+08
2000 15 0.0562111 2.84641e+08
2000 15 0.055769 2.86898e+08
2000 15 0.0560633 2.85392e+08
2000 15 0.0555323 2.88121e+08
2000 15 0.0555792 2.87877e+08
2000 15 0.0560322 2.8555e+08
2000 15 0.0555793 2.87877e+08
2000 15 0.0557995 2.86741e+08
2000 15 0.0562427 2.84481e+08
2000 16 0.0544004 2.94115e+08
2000 16 0.0545421 2.93351e+08
2000 16 0.0543432 2.94425e+08
2000 16 0.0541387 2.95537e+08
2000 16 0.0543781 2.94236e+08
2000 16 0.0544979 2.9359e+08
2000 16 0.0552113 2.89796e+08
2000 16 0.0546488 2.92779e+08
2000 16 0.0543481 2.94398e+08
2000 16 0.0542616 2.94868e+08
5000 1 0.989839 1.01026e+08
5000 1 0.961797 1.03972e+08
5000 1 0.933543 1.07119e+08
5000 1 0.984546 1.0157e+08
5000 1 0.922719 1.08375e+08
5000 1 0.938177 1.0659e+08
5000 1 0.978744 1.02172e+08
5000 1 1.04807 9.54134e+07
5000 1 1.03732 9.64019e+07
5000 1 0.963958 1.03739e+08
5000 2 0.866494 1.15408e+08
5000 2 0.897443 1.11428e+08
5000 2 0.899781 1.11138e+08
5000 2 0.847772 1.17956e+08
5000 2 0.866815 1.15365e+08
5000 2 0.829276 1.20587e+08
5000 2 0.82859 1.20687e+08
5000 2 0.868517 1.15139e+08
5000 2 0.845696 1.18246e+08
5000 2 0.829413 1.20567e+08
5000 4 0.766928 1.3039e+08
5000 4 0.773081 1.29353e+08
5000 4 0.784271 1.27507e+08
5000 4 0.772734 1.29411e+08
5000 4 0.77584 1.28893e+08
5000 4 0.775086 1.29018e+08
5000 4 0.779203 1.28336e+08
5000 4 0.765389 1.30653e+08
5000 4 0.783206 1.2768e+08
5000 4 0.77455 1.29107e+08
5000 8 0.515053 1.94155e+08
5000 8 0.519821 1.92374e+08
5000 8 0.517866 1.931e+08
5000 8 0.518353 1.92919e+08
5000 8 0.519966 1.9232e+08
5000 8 0.513371 1.94791e+08
5000 8 0.517858 1.93103e+08
5000 8 0.519864 1.92358e+08
5000 8 0.519536 1.92479e+08
5000 8 0.519403 1.92529e+08
5000 10 0.441788 2.26353e+08
5000 10 0.436933 2.28868e+08
5000 10 0.444944 2.24748e+08
5000 10 0.448257 2.23086e+08
5000 10 0.448094 2.23167e+08
5000 10 0.443141 2.25662e+08
5000 10 0.44512 2.24658e+08
5000 10 0.439973 2.27287e+08
5000 10 0.438269 2.2817e+08
5000 10 0.444027 2.25211e+08
5000 12 0.387622 2.57983e+08
5000 12 0.388043 2.57704e+08
5000 12 0.392123 2.55022e+08
5000 12 0.391781 2.55245e+08
5000 12 0.393286 2.54268e+08
5000 12 0.384765 2.59899e+08
5000 12 0.38647 2.58752e+08
5000 12 0.384555 2.60041e+08
5000 12 0.388053 2.57697e+08
5000 12 0.39223 2.54952e+08
5000 14 0.351802 2.84251e+08
5000 14 0.350218 2.85536e+08
5000 14 0.351692 2.8434e+08
5000 14 0.350077 2.85651e+08
5000 14 0.354862 2.818e+08
5000 14 0.350184 2.85564e+08
5000 14 0.353782 2.8266e+08
5000 14 0.348589 2.86871e+08
5000 14 0.355044 2.81655e+08
5000 14 0.349431 2.8618e+08
5000 15 0.336704 2.96997e+08
5000 15 0.335706 2.9788e+08
5000 15 0.334759 2.98722e+08
5000 15 0.334837 2.98652e+08
5000 15 0.33534 2.98205e+08
5000 15 0.33446 2.9899e+08
5000 15 0.334879 2.98615e+08
5000 15 0.334947 2.98555e+08
5000 15 0.335566 2.98004e+08
5000 15 0.336247 2.974e+08
5000 16 0.325327 3.07383e+08
5000 16 0.324645 3.08029e+08
5000 16 0.325451 3.07266e+08
5000 16 0.325284 3.07423e+08
5000 16 0.325871 3.0687e+08
5000 16 0.324912 3.07776e+08
5000 16 0.325028 3.07665e+08
5000 16 0.324461 3.08203e+08
5000 16 0.325578 3.07146e+08
5000 16 0.324757 3.07923e+08
10000 1 4.07647 9.81242e+07
10000 1 3.86377 1.03526e+08
10000 1 3.83817 1.04216e+08
10000 1 3.85576 1.03741e+08
10000 1 3.95846 1.01049e+08
10000 1 4.07231 9.82243e+07
10000 1 3.94912 1.01288e+08
10000 1 3.87788 1.03149e+08
10000 1 3.80324 1.05174e+08
10000 1 3.80034 1.05254e+08
10000 2 3.49822 1.14344e+08
10000 2 3.39272 1.17899e+08
10000 2 3.51371 1.1384e+08
10000 2 3.4475 1.16026e+08
10000 2 3.39759 1.1773e+08
10000 2 3.3961 1.17782e+08
10000 2 3.45237 1.15863e+08
10000 2 3.41748 1.17045e+08
10000 2 3.33623 1.19896e+08
10000 2 3.49803 1.1435e+08
10000 4 3.04988 1.31153e+08
10000 4 3.07175 1.30219e+08
10000 4 3.06734 1.30406e+08
10000 4 3.07999 1.29871e+08
10000 4 3.05177 1.31071e+08
10000 4 3.08017 1.29863e+08
10000 4 3.05619 1.30882e+08
10000 4 3.05765 1.30819e+08
10000 4 3.08837 1.29518e+08
10000 4 3.04651 1.31298e+08
10000 8 2.01344 1.98665e+08
10000 8 2.03809 1.96262e+08
10000 8 2.01037 1.98968e+08
10000 8 2.01402 1.98607e+08
10000 8 2.03054 1.96992e+08
10000 8 2.01092 1.98914e+08
10000 8 2.02274 1.97751e+08
10000 8 2.01342 1.98667e+08
10000 8 2.04197 1.95889e+08
10000 8 2.01536 1.98476e+08
10000 10 1.74135 2.29707e+08
10000 10 1.71578 2.3313e+08
10000 10 1.7146 2.33291e+08
10000 10 1.75377 2.28081e+08
10000 10 1.71176 2.33677e+08
10000 10 1.71432 2.33329e+08
10000 10 1.72382 2.32042e+08
10000 10 1.73162 2.30997e+08
10000 10 1.72816 2.31461e+08
10000 10 1.7666 2.26424e+08
10000 12 1.5167 2.6373e+08
10000 12 1.5174 2.63609e+08
10000 12 1.51565 2.63913e+08
10000 12 1.54182 2.59433e+08
10000 12 1.51916 2.63304e+08
10000 12 1.51791 2.6352e+08
10000 12 1.51717 2.63648e+08
10000 12 1.5503 2.58015e+08
10000 12 1.53773 2.60124e+08
10000 12 1.51513 2.64004e+08
10000 14 1.36759 2.92485e+08
10000 14 1.38849 2.88083e+08
10000 14 1.38736 2.88318e+08
10000 14 1.37153 2.91645e+08
10000 14 1.37192 2.91562e+08
10000 14 1.36842 2.92309e+08
10000 14 1.39078 2.87609e+08
10000 14 1.38051 2.89749e+08
10000 14 1.36531 2.92973e+08
10000 14 1.36819 2.92358e+08
10000 15 1.32651 3.01542e+08
10000 15 1.31652 3.03831e+08
10000 15 1.31613 3.03922e+08
10000 15 1.31559 3.04047e+08
10000 15 1.30861 3.05667e+08
10000 15 1.31144 3.05008e+08
10000 15 1.31278 3.04696e+08
10000 15 1.31144 3.05008e+08
10000 15 1.31643 3.03851e+08
10000 15 1.31206 3.04865e+08
10000 16 1.31075 3.05169e+08
10000 16 1.28753 3.10672e+08
10000 16 1.30054 3.07565e+08
10000 16 1.30668 3.06118e+08
10000 16 1.27872 3.12813e+08
10000 16 1.30767 3.05887e+08
10000 16 1.29217 3.09556e+08
10000 16 1.28621 3.10991e+08
10000 16 1.29114 3.09804e+08
10000 16 1.31012 3.05315e+08
