100 1 0.000717605 5.5741e+07
100 1 0.000714927 5.59498e+07
100 1 0.000716806 5.58031e+07
100 1 0.000724086 5.52421e+07
100 1 0.000706286 5.66343e+07
100 1 0.000706126 5.66471e+07
100 1 0.000713805 5.60377e+07
100 1 0.000715086 5.59373e+07
100 1 0.000716206 5.58499e+07
100 1 0.000716205 5.585e+07
100 2 0.000403044 9.92448e+07
100 2 0.000394523 1.01388e+08
100 2 0.000392123 1.02009e+08
100 2 0.000393644 1.01615e+08
100 2 0.000406524 9.83951e+07
100 2 0.000408043 9.80288e+07
100 2 0.000393243 1.01718e+08
100 2 0.000403243 9.91959e+07
100 2 0.000394363 1.01429e+08
100 2 0.000399683 1.00079e+08
100 4 0.000247602 1.61549e+08
100 4 0.000253483 1.57801e+08
100 4 0.000239282 1.67167e+08
100 4 0.000238721 1.6756e+08
100 4 0.000236762 1.68946e+08
100 4 0.000250082 1.59948e+08
100 4 0.000239842 1.66777e+08
100 4 0.000238202 1.67925e+08
100 4 0.000251803 1.58854e+08
100 4 0.000236722 1.68974e+08
100 8 0.000182561 2.19105e+08
100 8 0.000182362 2.19344e+08
100 8 0.000189242 2.1137e+08
100 8 0.000180361 2.21778e+08
100 8 0.000185002 2.16214e+08
100 8 0.000176401 2.26756e+08
100 8 0.000177682 2.25121e+08
100 8 0.000179321 2.23064e+08
100 8 0.000177681 2.25123e+08
100 8 0.000191361 2.09029e+08
100 10 0.000183242 2.18291e+08
100 10 0.000188321 2.12403e+08
100 10 0.000200763 1.9924e+08
100 10 0.000199042 2.00963e+08
100 10 0.000181922 2.19874e+08
100 10 0.000182722 2.18912e+08
100 10 0.000191362 2.09028e+08
100 10 0.000180201 2.21974e+08
100 10 0.000189121 2.11505e+08
100 10 0.000203122 1.96926e+08
100 12 0.000209682 1.90765e+08
100 12 0.000221761 1.80374e+08
100 12 0.000222442 1.79822e+08
100 12 0.000210722 1.89824e+08
100 12 0.000208962 1.91423e+08
100 12 0.000221762 1.80374e+08
100 12 0.000240363 1.66415e+08
100 12 0.000227642 1.75715e+08
100 12 0.000218361 1.83183e+08
100 12 0.000226282 1.76771e+08
100 14 0.000253442 1.57827e+08
100 14 0.000261002 1.53256e+08
100 14 0.000254562 1.57133e+08
100 14 0.000247482 1.61628e+08
100 14 0.000239602 1.66944e+08
100 14 0.000256242 1.56102e+08
100 14 0.000242522 1.64933e+08
100 14 0.000247802 1.61419e+08
100 14 0.000254082 1.5743e+08
100 14 0.000250402 1.59743e+08
100 15 0.000294163 1.35979e+08
100 15 0.000275282 1.45305e+08
100 15 0.000291643 1.37154e+08
100 15 0.000291203 1.37361e+08
100 15 0.000283603 1.41042e+08
100 15 0.000288282 1.38753e+08
100 15 0.000291123 1.37399e+08
100 15 0.000290402 1.3774e+08
100 15 0.000277323 1.44236e+08
100 15 0.000276922 1.44445e+08
100 16 0.000286043 1.39839e+08
100 16 0.000306283 1.30598e+08
100 16 0.000288362 1.38715e+08
100 16 0.000275563 1.45157e+08
100 16 0.000278842 1.4345e+08
100 16 0.000276362 1.44738e+08
100 16 0.000299043 1.3376e+08
100 16 0.000294882 1.35648e+08
100 16 0.000289162 1.38331e+08
100 16 0.000292243 1.36872e+08
200 1 0.0028047 5.7047e+07
200 1 0.00279723 5.71995e+07
200 1 0.00279794 5.71848e+07
200 1 0.00279554 5.7234e+07
200 1 0.00279622 5.722e+07
200 1 0.0027987 5.71693e+07
200 1 0.00279922 5.71587e+07
200 1 0.00279934 5.71563e+07
200 1 0.00279994 5.7144e+07
200 1 0.00279058 5.73357e+07
200 2 0.00147189 1.08704e+08
200 2 0.00147797 1.08256e+08
200 2 0.00147777 1.08271e+08
200 2 0.00147409 1.08541e+08
200 2 0.00147613 1.08391e+08
200 2 0.00146929 1.08896e+08
200 2 0.00147181 1.0871e+08
200 2 0.00147133 1.08745e+08
200 2 0.00149577 1.06968e+08
200 2 0.00148713 1.07589e+08
200 4 0.000823047 1.944e+08
200 4 0.000826448 1.936e+08
200 4 0.000811167 1.97247e+08
200 4 0.000813526 1.96675e+08
200 4 0.000814967 1.96327e+08
200 4 0.000817967 1.95607e+08
200 4 0.000807767 1.98077e+08
200 4 0.000808567 1.97881e+08
200 4 0.000820047 1.95111e+08
200 4 0.000942968 1.69677e+08
200 8 0.000506964 3.15604e+08
200 8 0.000507044 3.15554e+08
200 8 0.000495765 3.22734e+08
200 8 0.000498324 3.21076e+08
200 8 0.000511005 3.13108e+08
200 8 0.000493284 3.24357e+08
200 8 0.000502364 3.18494e+08
200 8 0.000505764 3.16353e+08
200 8 0.000502645 3.18316e+08
200 8 0.000500324 3.19793e+08
200 10 0.000443324 3.6091e+08
200 10 0.000467723 3.42083e+08
200 10 0.000444843 3.59677e+08
200 10 0.000452524 3.53572e+08
200 10 0.000438003 3.65294e+08
200 10 0.000492004 3.252e+08
200 10 0.000440524 3.63204e+08
200 10 0.000447565 3.5749e+08
200 10 0.000450483 3.55174e+08
200 10 0.000449004 3.56345e+08
200 12 0.000413564 3.86881e+08
200 12 0.000426123 3.75479e+08
200 12 0.000419844 3.81094e+08
200 12 0.000435084 3.67745e+08
200 12 0.000416643 3.84022e+08
200 12 0.000420204 3.80767e+08
200 12 0.000427524 3.74248e+08
200 12 0.000418443 3.8237e+08
200 12 0.000417123 3.8358e+08
200 12 0.000440163 3.63502e+08
200 14 0.000417003 3.8369e+08
200 14 0.000429404 3.7261e+08
200 14 0.000433564 3.69035e+08
200 14 0.000433125 3.69408e+08
200 14 0.000484044 3.30549e+08
200 14 0.000412043 3.88309e+08
200 14 0.000447645 3.57426e+08
200 14 0.000425964 3.75618e+08
200 14 0.000449923 3.55616e+08
200 14 0.000421203 3.79865e+08
200 15 0.000448243 3.56949e+08
200 15 0.000452883 3.53292e+08
200 15 0.000448324 3.56885e+08
200 15 0.000450443 3.55206e+08
200 15 0.000436444 3.66599e+08
200 15 0.000447563 3.57491e+08
200 15 0.000430963 3.71262e+08
200 15 0.000436684 3.66398e+08
200 15 0.000434163 3.68526e+08
200 15 0.000449844 3.55679e+08
200 16 0.000597005 2.68004e+08
200 16 0.000486645 3.28782e+08
200 16 0.000489884 3.26608e+08
200 16 0.000488644 3.27437e+08
200 16 0.000486844 3.28647e+08
200 16 0.000471124 3.39613e+08
200 16 0.000478323 3.34502e+08
200 16 0.000494285 3.237e+08
200 16 0.000494005 3.23883e+08
200 16 0.000461043 3.47039e+08
400 1 0.0111263 5.75216e+07
400 1 0.0111119 5.75959e+07
400 1 0.0111225 5.75408e+07
400 1 0.0111159 5.75752e+07
400 1 0.0111115 5.75978e+07
400 1 0.0111158 5.75757e+07
400 1 0.011129 5.75076e+07
400 1 0.0111248 5.75291e+07
400 1 0.0111186 5.75611e+07
400 1 0.0113115 5.65798e+07
400 2 0.00570133 1.12255e+08
400 2 0.00573685 1.1156e+08
400 2 0.00571721 1.11943e+08
400 2 0.00571277 1.1203e+08
400 2 0.00570661 1.12151e+08
400 2 0.00573673 1.11562e+08
400 2 0.00572717 1.11748e+08
400 2 0.00573341 1.11626e+08
400 2 0.00571709 1.11945e+08
400 2 0.00573805 1.11536e+08
400 4 0.00302863 2.11317e+08
400 4 0.00301739 2.12104e+08
400 4 0.00301254 2.12445e+08
400 4 0.0030189 2.11997e+08
400 4 0.00301863 2.12017e+08
400 4 0.00301107 2.12549e+08
400 4 0.00301406 2.12338e+08
400 4 0.00302279 2.11725e+08
400 4 0.00302563 2.11526e+08
400 4 0.00319799 2.00126e+08
400 8 0.00168082 3.80768e+08
400 8 0.00170509 3.75346e+08
400 8 0.00169289 3.78051e+08
400 8 0.00166861 3.83552e+08
400 8 0.00166873 3.83524e+08
400 8 0.00167785 3.81439e+08
400 8 0.00166569 3.84224e+08
400 8 0.00167697 3.8164e+08
400 8 0.00167253 3.82653e+08
400 8 0.00166877 3.83515e+08
400 10 0.00142745 4.48352e+08
400 10 0.0027919 2.29234e+08
400 10 0.00143817 4.4501e+08
400 10 0.00141897 4.51031e+08
400 10 0.00142421 4.49371e+08
400 10 0.00143649 4.4553e+08
400 10 0.00141809 4.51311e+08
400 10 0.00142021 4.50637e+08
400 10 0.00141957 4.5084e+08
400 10 0.00143645 4.45542e+08
400 12 0.00126709 5.05094e+08
400 12 0.00129357 4.94754e+08
400 12 0.00131977 4.84932e+08
400 12 0.00126309 5.06694e+08
400 12 0.00127573 5.01674e+08
400 12 0.00126697 5.05142e+08
400 12 0.00127981 5.00074e+08
400 12 0.00127021 5.03853e+08
400 12 0.00127385 5.02414e+08
400 12 0.00125573 5.09664e+08
400 14 0.00116389 5.4988e+08
400 14 0.00114117 5.60827e+08
400 14 0.00129773 4.93169e+08
400 14 0.00115601 5.53628e+08
400 14 0.00115481 5.54204e+08
400 14 0.00117121 5.46442e+08
400 14 0.00119269 5.36602e+08
400 14 0.00115937 5.52024e+08
400 14 0.00115441 5.54396e+08
400 14 0.00114845 5.57273e+08
400 15 0.00114193 5.60455e+08
400 15 0.00113061 5.66066e+08
400 15 0.00116721 5.48316e+08
400 15 0.00112337 5.69714e+08
400 15 0.00109597 5.83958e+08
400 15 0.00112765 5.67552e+08
400 15 0.00114705 5.57953e+08
400 15 0.00118005 5.4235e+08
400 15 0.00110733 5.77967e+08
400 15 0.00109913 5.82279e+08
400 16 0.00107353 5.96165e+08
400 16 0.00107385 5.95987e+08
400 16 0.00108409 5.90357e+08
400 16 0.00109597 5.83959e+08
400 16 0.00106485 6.01024e+08
400 16 0.00106133 6.03017e+08
400 16 0.00105837 6.04705e+08
400 16 0.00109533 5.84299e+08
400 16 0.00106813 5.99178e+08
400 16 0.00109769 5.83043e+08
1000 1 0.0692301 5.77783e+07
1000 1 0.0692233 5.7784e+07
1000 1 0.0687417 5.81888e+07
1000 1 0.0692107 5.77945e+07
1000 1 0.0691933 5.7809e+07
1000 1 0.069221 5.77859e+07
1000 1 0.0692323 5.77765e+07
1000 1 0.068773 5.81623e+07
1000 1 0.0692095 5.77955e+07
1000 1 0.0692904 5.7728e+07
1000 2 0.0349734 1.14373e+08
1000 2 0.035018 1.14227e+08
1000 2 0.0350208 1.14218e+08
1000 2 0.0350014 1.14281e+08
1000 2 0.0350264 1.142e+08
1000 2 0.0350022 1.14278e+08
1000 2 0.0350249 1.14204e+08
1000 2 0.0350068 1.14264e+08
1000 2 0.0350137 1.14241e+08
1000 2 0.035011 1.1425e+08
1000 4 0.0178828 2.23678e+08
1000 4 0.0178925 2.23557e+08
1000 4 0.0178925 2.23557e+08
1000 4 0.0178989 2.23477e+08
1000 4 0.0179024 2.23434e+08
1000 4 0.0179042 2.23411e+08
1000 4 0.0179567 2.22758e+08
1000 4 0.0179005 2.23457e+08
1000 4 0.0179059 2.2339e+08
1000 4 0.0179002 2.23462e+08
1000 8 0.00936104 4.27303e+08
1000 8 0.0093418 4.28183e+08
1000 8 0.00934476 4.28047e+08
1000 8 0.0093464 4.27972e+08
1000 8 0.0093574 4.27469e+08
1000 8 0.00933956 4.28286e+08
1000 8 0.00935416 4.27617e+08
1000 8 0.0093288 4.2878e+08
1000 8 0.00936208 4.27256e+08
1000 8 0.0093508 4.27771e+08
1000 10 0.00765363 5.22628e+08
1000 10 0.00765826 5.22312e+08
1000 10 0.00766219 5.22044e+08
1000 10 0.00765194 5.22743e+08
1000 10 0.00766494 5.21856e+08
1000 10 0.0076885 5.20257e+08
1000 10 0.00763419 5.23959e+08
1000 10 0.00765962 5.22219e+08
1000 10 0.00774954 5.16159e+08
1000 10 0.00767071 5.21464e+08
1000 12 0.00658673 6.07281e+08
1000 12 0.00659174 6.0682e+08
1000 12 0.00661774 6.04436e+08
1000 12 0.00661054 6.05095e+08
1000 12 0.0065763 6.08245e+08
1000 12 0.00657966 6.07935e+08
1000 12 0.00800611 4.99619e+08
1000 12 0.00657086 6.08749e+08
1000 12 0.0065859 6.07359e+08
1000 12 0.00658501 6.0744e+08
1000 14 0.00579693 6.90021e+08
1000 14 0.00578897 6.90969e+08
1000 14 0.00579457 6.90302e+08
1000 14 0.00577897 6.92165e+08
1000 14 0.00579005 6.9084e+08
1000 14 0.00575865 6.94608e+08
1000 14 0.00578941 6.90917e+08
1000 14 0.00579041 6.90798e+08
1000 14 0.00580161 6.89464e+08
1000 14 0.00581489 6.87889e+08
1000 15 0.00546641 7.31742e+08
1000 15 0.00547369 7.30769e+08
1000 15 0.00547137 7.31079e+08
1000 15 0.00545809 7.32858e+08
1000 15 0.00547045 7.31202e+08
1000 15 0.00546609 7.31785e+08
1000 15 0.00550281 7.26902e+08
1000 15 0.00547985 7.29948e+08
1000 15 0.00545749 7.32938e+08
1000 15 0.00547697 7.30331e+08
1000 16 0.00531733 7.52258e+08
1000 16 0.00518032 7.72153e+08
1000 16 0.0052052 7.68462e+08
1000 16 0.0052276 7.65169e+08
1000 16 0.00518008 7.72188e+08
1000 16 0.00520444 7.68574e+08
1000 16 0.00519588 7.6984e+08
1000 16 0.0051894 7.70802e+08
1000 16 0.00521204 7.67453e+08
1000 16 0.00519768 7.69574e+08
2000 1 0.276685 5.78276e+07
2000 1 0.276655 5.78337e+07
2000 1 0.276764 5.7811e+07
2000 1 0.276853 5.77924e+07
2000 1 0.276683 5.78279e+07
2000 1 0.276721 5.782e+07
2000 1 0.27666 5.78328e+07
2000 1 0.276861 5.77908e+07
2000 1 0.276662 5.78323e+07
2000 1 0.27665 5.78348e+07
2000 2 0.138895 1.15195e+08
2000 2 0.138966 1.15136e+08
2000 2 0.138968 1.15134e+08
2000 2 0.138968 1.15135e+08
2000 2 0.138991 1.15115e+08
2000 2 0.138951 1.15148e+08
2000 2 0.138979 1.15125e+08
2000 2 0.138962 1.1514e+08
2000 2 0.138968 1.15134e+08
2000 2 0.139064 1.15055e+08
2000 4 0.0701063 2.28225e+08
2000 4 0.0701468 2.28093e+08
2000 4 0.0700905 2.28276e+08
2000 4 0.0704101 2.2724e+08
2000 4 0.0700911 2.28274e+08
2000 4 0.0700741 2.2833e+08
2000 4 0.0701794 2.27987e+08
2000 4 0.0700937 2.28266e+08
2000 4 0.0700902 2.28277e+08
2000 4 0.0700794 2.28312e+08
2000 8 0.0356639 4.48633e+08
2000 8 0.0356275 4.49092e+08
2000 8 0.0356233 4.49145e+08
2000 8 0.0358523 4.46276e+08
2000 8 0.0356049 4.49376e+08
2000 8 0.0356265 4.49104e+08
2000 8 0.0356066 4.49355e+08
2000 8 0.0356182 4.49209e+08
2000 8 0.035615 4.49249e+08
2000 8 0.0356193 4.49195e+08
2000 10 0.0287396 5.56723e+08
2000 10 0.0287427 5.56663e+08
2000 10 0.0287348 5.56816e+08
2000 10 0.030249 5.28943e+08
2000 10 0.0287574 5.56378e+08
2000 10 0.0287504 5.56513e+08
2000 10 0.0287444 5.56631e+08
2000 10 0.0287279 5.5695e+08
2000 10 0.0287365 5.56784e+08
2000 10 0.0287426 5.56666e+08
2000 12 0.024257 6.59604e+08
2000 12 0.0242737 6.5915e+08
2000 12 0.0242586 6.5956e+08
2000 12 0.024247 6.59876e+08
2000 12 0.0242822 6.58918e+08
2000 12 0.0242755 6.59101e+08
2000 12 0.0242761 6.59085e+08
2000 12 0.0242656 6.5937e+08
2000 12 0.0242657 6.59366e+08
2000 12 0.0256786 6.23086e+08
2000 14 0.0209909 7.62234e+08
2000 14 0.0209908 7.62238e+08
2000 14 0.0209898 7.62276e+08
2000 14 0.0211914 7.55023e+08
2000 14 0.0209986 7.61955e+08
2000 14 0.0209766 7.62756e+08
2000 14 0.0209969 7.62017e+08
2000 14 0.0209906 7.62247e+08
2000 14 0.0223961 7.1441e+08
2000 14 0.0210387 7.60502e+08
2000 15 0.019751 8.10087e+08
2000 15 0.0197584 8.09784e+08
2000 15 0.0198956 8.04198e+08
2000 15 0.0197458 8.10299e+08
2000 15 0.0197621 8.09629e+08
2000 15 0.0197288 8.10995e+08
2000 15 0.0197382 8.10612e+08
2000 15 0.0197668 8.09439e+08
2000 15 0.0197636 8.0957e+08
2000 15 0.019752 8.10044e+08
2000 16 0.018525 8.637e+08
2000 16 0.0185463 8.62705e+08
2000 16 0.0185056 8.64603e+08
2000 16 0.0185418 8.62914e+08
2000 16 0.0185109 8.64355e+08
2000 16 0.0185132 8.64248e+08
2000 16 0.0185306 8.63437e+08
2000 16 0.0185264 8.63631e+08
2000 16 0.0185498 8.62541e+08
2000 16 0.018517 8.64069e+08
5000 1 1.66314 6.01274e+07
5000 1 1.66137 6.01914e+07
5000 1 1.65506 6.04206e+07
5000 1 1.6615 6.01867e+07
5000 1 1.66839 5.99379e+07
5000 1 1.66325 6.01233e+07
5000 1 1.66049 6.02231e+07
5000 1 1.66288 6.01366e+07
5000 1 1.66946 5.98995e+07
5000 1 1.65599 6.0387e+07
5000 2 0.842441 1.18703e+08
5000 2 0.837297 1.19432e+08
5000 2 0.830345 1.20432e+08
5000 2 0.836969 1.19479e+08
5000 2 0.836395 1.19561e+08
5000 2 0.840034 1.19043e+08
5000 2 0.83462 1.19815e+08
5000 2 0.833058 1.2004e+08
5000 2 0.834814 1.19787e+08
5000 2 0.831882 1.20209e+08
5000 4 0.42255 2.36659e+08
5000 4 0.421708 2.37131e+08
5000 4 0.421926 2.37008e+08
5000 4 0.422277 2.36812e+08
5000 4 0.424586 2.35523e+08
5000 4 0.421318 2.3735e+08
5000 4 0.424132 2.35776e+08
5000 4 0.423752 2.35987e+08
5000 4 0.423729 2.36e+08
5000 4 0.421795 2.37082e+08
5000 8 0.216355 4.62202e+08
5000 8 0.216175 4.62589e+08
5000 8 0.213792 4.67745e+08
5000 8 0.216758 4.61345e+08
5000 8 0.215753 4.63493e+08
5000 8 0.215191 4.64704e+08
5000 8 0.215501 4.64035e+08
5000 8 0.216939 4.60958e+08
5000 8 0.21546 4.64124e+08
5000 8 0.21573 4.63543e+08
5000 10 0.172881 5.78433e+08
5000 10 0.173252 5.77192e+08
5000 10 0.17406 5.74516e+08
5000 10 0.17358 5.76105e+08
5000 10 0.17399 5.74745e+08
5000 10 0.174044 5.74566e+08
5000 10 0.173717 5.75647e+08
5000 10 0.173266 5.77149e+08
5000 10 0.174634 5.72628e+08
5000 10 0.173652 5.75866e+08
5000 12 0.145304 6.88215e+08
5000 12 0.145887 6.85463e+08
5000 12 0.146108 6.84424e+08
5000 12 0.14612 6.84371e+08
5000 12 0.145669 6.86488e+08
5000 12 0.148081 6.75308e+08
5000 12 0.146092 6.84502e+08
5000 12 0.14577 6.86014e+08
5000 12 0.145465 6.87449e+08
5000 12 0.145534 6.87126e+08
5000 14 0.1251 7.99363e+08
5000 14 0.125967 7.93862e+08
5000 14 0.125654 7.95838e+08
5000 14 0.125003 7.99983e+08
5000 14 0.125325 7.97927e+08
5000 14 0.125655 7.95829e+08
5000 14 0.125949 7.93972e+08
5000 14 0.12583 7.94725e+08
5000 14 0.125908 7.94228e+08
5000 14 0.125851 7.94591e+08
5000 15 0.118323 8.45143e+08
5000 15 0.117179 8.53396e+08
5000 15 0.117574 8.50529e+08
5000 15 0.117295 8.52551e+08
5000 15 0.117281 8.52654e+08
5000 15 0.11727 8.52731e+08
5000 15 0.117479 8.51214e+08
5000 15 0.117817 8.48773e+08
5000 15 0.117528 8.5086e+08
5000 15 0.11722 8.53096e+08
5000 16 0.110208 9.07379e+08
5000 16 0.110152 9.07832e+08
5000 16 0.110209 9.07368e+08
5000 16 0.110059 9.08605e+08
5000 16 0.110131 9.08008e+08
5000 16 0.109861 9.10238e+08
5000 16 0.110258 9.06965e+08
5000 16 0.110316 9.06489e+08
5000 16 0.110364 9.06095e+08
5000 16 0.110313 9.06511e+08
10000 1 6.63806 6.02585e+07
10000 1 6.62595 6.03687e+07
10000 1 6.63925 6.02477e+07
10000 1 6.61782 6.04428e+07
10000 1 6.64064 6.02352e+07
10000 1 6.63281 6.03063e+07
10000 1 6.63862 6.02535e+07
10000 1 6.65865 6.00723e+07
10000 1 6.66955 5.9974e+07
10000 1 6.63914 6.02487e+07
10000 2 3.32851 1.20174e+08
10000 2 3.3431 1.1965e+08
10000 2 3.3447 1.19592e+08
10000 2 3.32618 1.20258e+08
10000 2 3.34544 1.19566e+08
10000 2 3.34357 1.19633e+08
10000 2 3.34834 1.19462e+08
10000 2 3.33767 1.19844e+08
10000 2 3.33164 1.20061e+08
10000 2 3.34391 1.1962e+08
10000 4 1.68305 2.37664e+08
10000 4 1.67857 2.38299e+08
10000 4 1.678 2.38379e+08
10000 4 1.678 2.38378e+08
10000 4 1.67717 2.38497e+08
10000 4 1.67205 2.39227e+08
10000 4 1.6676 2.39865e+08
10000 4 1.67716 2.38498e+08
10000 4 1.68154 2.37877e+08
10000 4 1.67461 2.38862e+08
10000 8 0.849702 4.70753e+08
10000 8 0.845779 4.72937e+08
10000 8 0.851117 4.69971e+08
10000 8 0.844987 4.7338e+08
10000 8 0.84853 4.71403e+08
10000 8 0.844559 4.7362e+08
10000 8 0.845563 4.73058e+08
10000 8 0.846711 4.72416e+08
10000 8 0.846513 4.72527e+08
10000 8 0.848316 4.71523e+08
10000 10 0.682312 5.86242e+08
10000 10 0.681446 5.86987e+08
10000 10 0.679625 5.8856e+08
10000 10 0.682022 5.86492e+08
10000 10 0.678288 5.8972e+08
10000 10 0.679189 5.88938e+08
10000 10 0.683811 5.84957e+08
10000 10 0.679616 5.88568e+08
10000 10 0.682036 5.86479e+08
10000 10 0.679376 5.88776e+08
10000 12 0.570028 7.0172e+08
10000 12 0.567442 7.04917e+08
10000 12 0.570857 7.00701e+08
10000 12 0.568575 7.03513e+08
10000 12 0.56849 7.03619e+08
10000 12 0.574552 6.96195e+08
10000 12 0.571333 7.00117e+08
10000 12 0.57141 7.00023e+08
10000 12 0.572477 6.98718e+08
10000 12 0.571818 6.99523e+08
10000 14 0.490903 8.14825e+08
10000 14 0.490713 8.1514e+08
10000 14 0.512213 7.80926e+08
10000 14 0.491162 8.14395e+08
10000 14 0.493074 8.11236e+08
10000 14 0.494529 8.0885e+08
10000 14 0.487383 8.2071e+08
10000 14 0.491104 8.14492e+08
10000 14 0.491392 8.14015e+08
10000 14 0.490523 8.15457e+08
10000 15 0.456891 8.75483e+08
10000 15 0.455736 8.77701e+08
10000 15 0.461848 8.66086e+08
10000 15 0.460783 8.68088e+08
10000 15 0.459075 8.71317e+08
10000 15 0.459299 8.70892e+08
10000 15 0.462602 8.64674e+08
10000 15 0.460347 8.6891e+08
10000 15 0.459068 8.71331e+08
10000 15 0.457585 8.74155e+08
10000 16 0.429865 9.30524e+08
10000 16 0.429893 9.30464e+08
10000 16 0.431294 9.27442e+08
10000 16 0.43194 9.26055e+08
10000 16 0.429082 9.32224e+08
10000 16 0.431775 9.26407e+08
10000 16 0.428694 9.33066e+08
10000 16 0.42905 9.32292e+08
10000 16 0.431077 9.27908e+08
10000 16 0.428988 9.32427e+08
